# Two-area Kundur Test system

BUS 1   20.0    0.    0.    0.   0.0 ;
BUS 2   20.0    0.    0.    0.   0.0 ;
BUS 3   20.0    0.    0.    0.   0.0 ;
BUS 4   20.0    0.    0.    0.   0.0 ;
BUS 5  230.0    0.    0.    0.   0.0 ;
BUS 6  230.0    0.    0.    0.   0.0 ;
BUS 7  230.0  967.0 100.0 200.0  0.0 ;
BUS 8  230.0    0.    0.    0.   0.0 ;
BUS 9  230.0 1767.0 100.0 350.0  0.0 ;
BUS 10 230.0    0.    0.    0.   0.0 ;
BUS 11 230.0    0.    0.    0.   0.0 ;

TRANSFO STUP_1  1   5  0. 15. 0. 0. 100.0 0. 900. 1 ;
TRANSFO STUP_2  2   6  0. 15. 0. 0. 100.0 0. 900. 1 ;
TRANSFO STUP_3  3  11  0. 15. 0. 0. 100.0 0. 900. 1 ;
TRANSFO STUP_4  4  10  0. 15. 0. 0. 100.0 0. 900. 1 ;

LINE 5-6    5  6  1.3225 13.225  41.352  9999. 1 ;
LINE 11-10 11 10  1.3225 13.225  41.352  9999. 1 ;
LINE 6-7    6  7  0.529   5.29   16.541  9999. 1 ;
LINE 10-9  10  9  0.529   5.29   16.541  9999. 1 ;
LINE 7-8#1  7  8  5.819  58.19  181.947  9999. 1 ;
LINE 7-8#2  7  8  5.819  58.19  181.947  9999. 1 ;
LINE 9-8#1  9  8  5.819  58.19  181.947  9999. 1 ;
LINE 9-8#2  9  8  5.819  58.19  181.947  9999. 1 ;
							    
GENER G1 1 1  700.0  185.0464  1.03  900. -9999. 9999. 1 ;
GENER G2 2 2  700.0  234.6284  1.01  900. -9999. 9999. 1 ;
GENER G3 3 3  719.0  175.9685  1.03  900. -9999. 9999. 1 ;
GENER G4 4 4  700.0  202.0303  1.01  900. -9999. 9999. 1 ;

SLACK 1 ;

LFRESV  1 1.030000   0.        ;
LFRESV  2 1.010000  -0.1704596 ;
LFRESV  3 1.030000  -0.4726531 ;
LFRESV  4 1.010000  -0.6504962 ;
LFRESV  5 1.006453  -0.1127967 ;
LFRESV  6 0.9781270 -0.2888303 ;
LFRESV  7 0.9610114 -0.4356067 ;
LFRESV  8 0.9486088 -0.6777253 ;
LFRESV  9 0.9713754 -0.9150822 ;
LFRESV 10 0.9834688 -0.7682210 ;
LFRESV 11 1.0082610 -0.5883005 ;
